2 -1
3 11 -1
4 -1
5 13 -1
6 14 -1
7 15 -1
8 -1
9 17 -1
0 -1
1 -1
10 20 -1
3 11 -1
4 12 22 -1
13 23 -1
6 14 24 -1
7 15 -1
16 26 -1
9 17 -1
10 20 -1
21 29 -1
12 22 -1
13 23 31 -1
24 32 -1
15 25 33 -1
16 26 -1
35 27 -1
18 -1
19 29 -1
28 30 38 -1
21 29 31 -1
22 30 32 40 -1
31 33 41 -1
24 32 34 42 -1
25 33 35 -1
34 36 44 -1
27 35 -1
28 -1
37 47 -1
30 38 -1
31 39 49 -1
40 50 -1
33 41 51 -1
34 42 -1
43 53 -1
36 44 -1
37 47 -1
46 48 56 -1
39 47 49 -1
40 48 50 58 -1
49 51 59 -1
42 50 52 60 -1
43 51 53 -1
52 54 62 -1
45 53 -1
46 56 -1
57 65 -1
48 58 -1
49 59 67 -1
60 68 -1
51 61 69 -1
52 62 -1
63 71 -1
54 -1
55 -1
64 74 -1
57 65 -1
58 66 76 -1
67 77 -1
60 68 78 -1
61 69 -1
70 80 -1
63 71 -1
64 74 -1
75 -1
66 76 -1
67 77 -1
78 -1
69 79 -1
70 80 -1
81 -1
72 -1
